      20     292     200
       1       8       3     173    2077       1      45
       1      13       6     290    1144       1      60
       1       4       7     192    2950       1      61
       1       7       6     386     903       1      84
       1      16       7     366     933       1      99
       1      15       9     361    1626       1     129
       1      17       3     532    2167       1     134
       1       9       3     577    2739       1     140
       1       2       3     191    2167       1     179
       1      11       7     487    1927       1     180
       1      18       6     421    1204       1     192
       1      12       9     343    2829       1     197
       1      10       5     513    1656       1     212
       1      20       9     397    2167       1     221
       1       5       1     312     602       1     249
       1      19       3     223     452       1     275
       1      14       7     174    1295       1     279
       2       4       5     568    2829       1      11
       2       5       5     420    1626       1      19
       2      11       3     434    1565       1      46
       2       1       5     470    2589       1      78
       2      16       5     573    2047       1      90
       2       6       3     298    2558       1     118
       2      14       3     558     452       1     146
       2       7       7     168    2348       1     158
       2      10       7     565    1355       1     173
       2      15       4     272    1776       1     188
       2       9       2     398    1565       1     196
       2      13       4     383    1295       1     203
       2      12       2     472    2498       1     239
       2       8       7     202    2348       1     273
       2      17       2     273    1686       1     281
       3       8       2     266     482       1       2
       3      13       5     135    1896       1      14
       3      15       4     307     362       1      43
       3       7       2     481    1295       1      79
       3      17       1     573     512       1     102
       3       6       3     291    2528       1     108
       3      10       3     566    2558       1     113
       3      18       3     266    1475       1     145
       3       9       7     170     301       1     156
       3       1       3     527    1445       1     160
       3       5       5     162    1445       1     166
       3      20       5     124    2829       1     171
       3       2       2     180    1716       1     184
       3      12       5     469    1475       1     195
       3      19       7     145    2378       1     231
       3       4       9     487     783       1     257
       3      14       9     507    1927       1     276
       4       5       1     607    2528       1      28
       4      12       1     483    1896       1      76
       4      17       7     219     542       1      85
       4      15       4     414    2107       1      96
       4       7       1     502    1535       1     142
       4       8       8     252    1114       1     144
       4      19       9     211    2920       1     177
       4       6       3     153     663       1     187
       4       1       5     476    2829       1     201
       4      16       8     265    2859       1     209
       4      11       1     203    2679       1     250
       4      18       7     489    1686       1     254
       4       3       5     161    1325       1     259
       4      10       2     271    1836       1     263
       4      14       2     450    2288       1     269
       5      15       4     179    1776       1      67
       5      12       1     261    1325       1      80
       5      14       4     518    2077       1      95
       5      16       2     432    2498       1     116
       5      10       5     312    1776       1     117
       5      19       2     381    2348       1     119
       5       4       2     243    2017       1     120
       5      20       2     477    2498       1     164
       5       6       6     190    2047       1     167
       5      13       9     257    2378       1     200
       5       1       5     555    2017       1     217
       5       2       3     346    1445       1     245
       5       3       2     526    2619       1     255
       5       9       1     208    1204       1     261
       6      15       4     318    2799       1      15
       6       5       4     436    1144       1      31
       6       4       5     219    2107       1      48
       6       7       8     137    1385       1      53
       6      11       1     392     542       1      68
       6      14       8     450    2679       1      83
       6       1       1     573    1415       1     104
       6      17       2     357    1355       1     122
       6       2       4     597     843       1     128
       6       3       9     427    2769       1     216
       6      12       6     392    2348       1     226
       6      20       2     577     362       1     233
       6      18       2     205    2077       1     258
       6      13       7     387    2227       1     260
       6      16       2     228     332       1     277
       6      10       1     361    2890       1     287
       7      20       4     125    1836       1      17
       7       4       5     133    2288       1      33
       7      19       3     488    2589       1      37
       7       3       1     232    2739       1      65
       7      15       6     355    1385       1     127
       7      16       5     527    2227       1     137
       7      10       3     351     873       1     148
       7       6       6     326    2589       1     234
       7       8       4     423    2318       1     244
       7       2       6     593    2589       1     288
       8       9       8     552     542       1       4
       8      10       5     608    2920       1      26
       8       3       7     139    2348       1      47
       8      11       2     591     482       1      63
       8       1       2     497     723       1      86
       8       2       4     136    2829       1     139
       8      20       7     250    2167       1     154
       8      19       9     531    1385       1     159
       8       4       6     301    1114       1     170
       8      15       2     487    2378       1     183
       8      18       3     547     693       1     210
       8      14       3     520    1957       1     251
       8      12       3     548     723       1     262
       9      14       1     436    2799       1      35
       9       7       8     265    1866       1      39
       9      19       9     318    1475       1      44
       9      13       5     442    1084       1      98
       9      11       3     427    1355       1     141
       9      20       4     472     873       1     186
       9       1       3     608    2438       1     205
       9      10       2     541    1626       1     227
       9       8       3     388    1054       1     229
       9      12       2     599    2318       1     230
       9       4       8     221    2438       1     247
       9      15       6     518    1746       1     256
       9       5       3     371    2980       1     280
       9       3       8     280    1776       1     284
       9      17       2     378    1896       1     286
      10       9       2     125     301       1       1
      10      12       5     463     723       1      34
      10       2       9     157     663       1      36
      10       5       3     350     843       1      40
      10      16       2     508    2709       1      41
      10      18       2     529    2709       1      59
      10      19       1     207    2378       1     105
      10       8       9     290     301       1     107
      10       3       2     595     903       1     115
      10      15       1     290     933       1     223
      10       4       3     461    2408       1     264
      10      14       4     268    2258       1     265
      10       7       9     419     482       1     278
      11      12       4     167     482       1      70
      11       6       2     432    1415       1     103
      11      16       7     571     452       1     106
      11       8       3     410    1896       1     130
      11       3       7     219    1114       1     168
      11      17       4     249    2047       1     190
      11      20       1     147    2348       1     202
      11       2       5     349    1656       1     213
      11       9       9     354    1264       1     214
      11      13       9     420    2107       1     237
      11       5       6     152    1234       1     243
      12      13       7     260    2950       1      16
      12      11       2     527    1806       1      23
      12      14       8     500     392       1      24
      12      19       3     540    2468       1      30
      12       4       3     162    1415       1      38
      12      20       5     327     964       1      57
      12      17       7     598    2318       1      69
      12      16       4     240    2950       1      72
      12       8       2     430    2197       1      81
      12      10       9     472    2920       1     136
      12      18       9     310     332       1     153
      12      15       1     557    1264       1     155
      12       5       1     492     843       1     198
      12       1       2     431     843       1     219
      12       2       5     553    2017       1     232
      12       3       6     590    2890       1     240
      12       7       8     222     512       1     283
      12       6       8     307    1746       1     290
      12       9       2     243    1325       1     291
      13      17       8     190    2528       1      12
      13       3       4     318    2167       1      54
      13      14       7     492     301       1      74
      13      12       9     247    1565       1      82
      13      19       7     217    1896       1      89
      13       7       1     128    2649       1      91
      13       9       8     249    2408       1      97
      13      18       1     394     783       1     109
      13      10       1     543    2348       1     110
      13       5       4     544    2679       1     132
      13      16       7     312    1716       1     172
      13       2       3     151    1234       1     175
      13       8       6     412    1445       1     191
      13      20       7     216    2799       1     218
      13       4       2     393    1234       1     224
      13       6       9     151    2498       1     236
      14       9       6     437    1656       1       8
      14       3       1     247    1505       1       9
      14      11       2     608    1204       1      13
      14       1       3     432    2799       1      32
      14       7       1     239    2077       1      58
      14      17       7     211     994       1     131
      14      10       9     150    1565       1     143
      14       6       9     580     572       1     151
      14       8       2     345    1716       1     157
      14      16       5     126    2769       1     176
      14      18       8     425     813       1     206
      14      20       6     508    1385       1     220
      14      13       6     555     964       1     225
      14      15       4     530    2619       1     289
      15       2       9     566    1144       1       5
      15      20       7     566     933       1      18
      15      11       9     455    2318       1      21
      15       3       6     414    1776       1      75
      15      18       2     273    1716       1      92
      15       8       8     412    1234       1     111
      15      14       3     505    1385       1     114
      15      12       8     185     753       1     150
      15       4       7     337    2739       1     161
      15      16       7     196    2348       1     163
      15       6       6     362    2859       1     181
      15      19       2     476    2167       1     189
      15       5       2     463    1475       1     208
      15      17       7     571    1295       1     241
      15       7       8     340    2408       1     285
      16      11       6     406    2438       1      55
      16       9       5     573    2649       1      71
      16       8       3     324    1295       1      93
      16      18       7     465    1866       1     135
      16      12       4     130    1385       1     194
      16      19       7     537     843       1     204
      16       1       1     438    2619       1     215
      16      13       4     551    2739       1     235
      16       2       6     332    1355       1     274
      17      11       8     199    1084       1       3
      17       8       6     526    2950       1      22
      17      13       2     379    1054       1      25
      17       2       9     335    2288       1      62
      17      20       8     441    2709       1      64
      17       9       6     546    1716       1      88
      17       3       2     151    1385       1     125
      17       7       2     459     873       1     126
      17       6       1     571    2920       1     174
      17      12       4     235     392       1     199
      17       4       1     147    1505       1     207
      17      15       3     250     332       1     211
      17      16       6     461     572       1     238
      17      10       2     439    1565       1     242
      17       1       7     416    1927       1     248
      17      19       8     443    2468       1     292
      18      17       1     359    1445       1       6
      18       9       3     140    2980       1       7
      18       6       3     455    2077       1      27
      18       4       3     309    2318       1      73
      18      13       8     331    1445       1      77
      18       7       3     397    2619       1     112
      18      16       5     510    1927       1     123
      18       5       7     232     843       1     147
      18       8       4     552     873       1     162
      18      19       6     577    1445       1     178
      18      11       9     481    2769       1     182
      18      20       4     508    1626       1     193
      18       2       6     456    2859       1     252
      18       1       8     448    2920       1     253
      18      14       2     551    1475       1     266
      18      10       4     603    2920       1     268
      18       3       9     464    1174       1     270
      18      15       4     312    2649       1     272
      19       8       2     170    2649       1      20
      19       1       9     378     512       1      42
      19       2       7     344    1264       1      49
      19      18       8     537    2859       1      50
      19       7       2     223    2980       1      52
      19      13       5     604    2679       1     101
      19      17       5     458    2829       1     121
      19      15       2     277    2438       1     165
      19      10       8     540    2227       1     185
      19      20       1     493     602       1     222
      19      14       4     455    2348       1     228
      19       9       7     294    1174       1     246
      19      12       6     372    1174       1     267
      20      15       3     456    1264       1      10
      20      12       8     498    2197       1      29
      20      18       2     412    2197       1      51
      20      11       5     184    1355       1      56
      20      14       4     293     964       1      66
      20       4       7     190    2498       1      87
      20       3       7     280    2318       1      94
      20       1       7     223    2288       1     100
      20      13       4     307     693       1     124
      20      19       2     290     512       1     133
      20       8       5     255    2047       1     138
      20       9       6     137    2137       1     149
      20      16       2     299     602       1     152
      20       5       6     552    2769       1     169
      20       7       8     467    2950       1     271
      20      10       1     161    2227       1     282
       3      12      58
       3      11      54
      10      13      74
       6      12      22
      20       5      57
       5       4      24
      13      11      30
       3      17      39
      10       1      25
      11      13      15
      19      13      49
       3       7      74
       9      14      60
       9       1      55
       4       2      64
       1      12      48
      20      18      47
      13       3      69
       1      20      65
      20       3      34
      13      16      35
      19      10      23
      19      11      70
      15       3      16
       5      14      56
       3      15      15
      18      10      20
      19       8      31
       4      19      44
       1       3      45
       9      18      68
      15       9      35
      18      17      58
      19       4      65
      20       6      19
       3       2      28
       5      15      28
       8       5      48
      15      20      69
      17      12      35
      12       5      64
      20      10      34
      14      11      29
      15      14      37
       1       6      60
       4      10      71
      20      12      56
      11       4      55
      13      18      59
      19      17      23
       4      11      56
      19      14      30
      19       7      49
       3       4      27
       5       7      33
      19       3      70
      12       1      66
       7      17      63
      16       8      42
       9       8      49
       3       9      59
      10      15      74
       8      19      67
       4       7      74
       2       6      25
      13       1      46
       7      13      50
      19       5      65
       7       3      24
       6       8      62
       6      15      62
      16      14      58
      19       2      28
      17       2      53
       4       8      62
       2       3      50
      17      20      39
       5      12      64
       8      10      62
       6       5      22
       4      13      15
      15      12      70
       1      17      54
       7      14      48
       3       5      41
      12      11      49
      11      17      29
      17      19      57
       1       5      52
      14      12      27
       4      16      32
      15       5      48
       1       7      27
      11       6      48
      18       7      40
       8      14      29
      12      10      44
      14      19      49
      18      11      21
      13      10      59
      13       7      50
      12      13      39
      19      20      68
       4       3      67
      13       6      19
      19       6      32
      14      13      67
      19      12      45
      16      18      29
       9       4      44
       4      18      50
      16       9      70
      16      10      59
       9      11      40
       7       2      52
       9      10      47
      14      18      59
       5      18      59
      14       2      31
      19      18      18
       5      11      52
      18      13      18
       6      13      54
      12       6      29
       8      15      46
       7       5      73
       6      20      39
      17       3      68
       8       4      73
      12      18      71
       2      14      30
      11      16      23
      20      15      74
       9       6      73
       4      12      59
      16       4      68
      13       8      67
      17       9      36
      18       6      48
       6      19      56
       5       1      61
       3      14      51
      15      11      62
      11      12      60
      13       2      51
       6       1      59
       6       9      41
       1      15      59
      12       2      43
      14      15      58
      11       2      51
      16      13      68
      14       3      29
       8      13      44
      18       9      58
       4       6      64
      14      20      15
      17      11      17
      14      16      35
       9       5      74
      10       6      15
       4      14      27
      16       5      33
      17      10      25
      13      20      25
      14       9      68
       2      13      38
      20      19      35
       5       8      30
      14       6      74
      14      17      52
       2      19      23
      11       9      36
      19       9      15
      16      12      61
      10       2      41
       4      17      55
      15      18      51
      16      20      47
       6       3      27
      13       5      62
      11      15      70
      18       5      44
      19       1      67
      20       9      70
      19      15      21
       5       6      72
       9       7      26
      15       2      43
       1      10      58
       5      20      51
      16      15      35
      13      12      55
      10       7      64
       1      18      18
       6       7      29
       2      10      49
      15      17      18
       8      11      16
      13       4      61
