      30     518     400
       1      15       8     196     267       1      13
       1      28       1     182     947       1      78
       1      13       7     583     656       1     179
       1      12       7     377     995       1     180
       1       6       4     363     874       1     183
       1       2       9     569     401       1     219
       1      22       6     593     825       1     221
       1      18       7     574     510       1     299
       1      20       9     442     765       1     305
       1      21       2     554    1080       1     306
       1      16       7     256     146       1     407
       1       7       4     482     668       1     415
       1      14       6     136     158       1     465
       1      24       4     273     862       1     469
       1       3       6     396     631       1     472
       1      26       2     289     534       1     507
       1       4       6     508     304       1     516
       2       9       8     243     401       1      43
       2      16       5     475     546       1      84
       2      12       4     376     971       1     145
       2       5       7     289    1129       1     198
       2       6       7     505     862       1     199
       2       1       2     192     182       1     209
       2      11       1     288     983       1     227
       2      24       2     552     352       1     241
       2      23       9     331    1020       1     245
       2      27       4     478     716       1     292
       2      10       6     530     340       1     303
       2      29       2     211    1032       1     339
       2       3       5     201     947       1     354
       2      26       6     488    1104       1     361
       2      20       4     172     498       1     362
       2      17       3     264     656       1     397
       2      15       3     450    1165       1     399
       3      21       1     566     292       1     105
       3       9       2     183     401       1     155
       3      19       3     131     741       1     159
       3       2       1     509     158       1     164
       3       7       1     275     983       1     329
       3      25       6     286    1044       1     352
       3      12       4     310     680       1     357
       3      10       9     310     983       1     401
       3      20       4     580     801       1     402
       3      30       4     293     801       1     419
       3       4       5     209     413       1     428
       3      18       6     201     850       1     431
       3      26       6     170     668       1     432
       3      22       3     430     534       1     434
       3      28       6     264     389       1     458
       3      11       5     389     389       1     473
       3      16       2     134     219       1     508
       4      24       8     467    1153       1      12
       4      23       1     512     304       1      31
       4      28       7     328    1141       1      39
       4      27       5     170     522       1     100
       4       9       5     498     607       1     103
       4      26       2     574     728       1     141
       4      13       4     490    1117       1     189
       4       7       4     577     838       1     237
       4      25       9     502     825       1     242
       4       8       7     370     935       1     296
       4       6       2     318     437       1     321
       4       5       9     473     898       1     323
       4      29       2     557    1044       1     405
       4      30       5     298     741       1     416
       4       2       2     155     474       1     506
       5      19       3     265     959       1       2
       5      15       4     391     340       1      48
       5      24       6     466     559       1      61
       5       9       3     280     850       1      63
       5      14       1     430    1032       1      66
       5       8       7     375     255       1      81
       5      25       6     317     377       1     142
       5      17       3     428     486       1     157
       5       6       9     413     134       1     160
       5      30       2     312    1007       1     197
       5      21       1     261    1153       1     201
       5      10       4     431     765       1     226
       5      27       7     215     328       1     248
       5       7       6     345     280       1     326
       5      28       7     363    1056       1     430
       5      29       9     574     728       1     436
       5      11       1     239     789       1     482
       6      13       4     456     862       1      14
       6      25       6     474     522       1      22
       6      27       1     524     874       1     112
       6       3       7     276     983       1     121
       6      17       5     476    1153       1     136
       6      12       8     207     716       1     235
       6       7       8     160     486       1     261
       6      26       8     315     656       1     273
       6      19       4     135     534       1     289
       6       8       9     132     280       1     338
       6       9       6     415     292       1     358
       6      10       6     203     231       1     369
       6      20       6     282     923       1     373
       6       2       7     384     134       1     379
       6      29       1     288     959       1     404
       6      24       6     439     267       1     425
       6      23       8     514     741       1     455
       6      21       2     348     449       1     491
       6      16       1     415     280       1     518
       7      20       1     372     546       1      20
       7      24       7     491     207       1      67
       7      28       2     327     838       1     132
       7       8       1     205     158       1     158
       7       2       3     379     935       1     170
       7      22       3     184     619       1     173
       7      30       2     538     813       1     176
       7       6       3     582     631       1     228
       7      14       2     391     170       1     258
       7      27       8     234     316       1     264
       7       4       4     243     328       1     266
       7       5       5     587     656       1     345
       7      16       1     304     704       1     355
       7      29       9     385     510       1     363
       7      15       7     410     546       1     366
       7      23       2     392     619       1     382
       7      25       9     341     680       1     403
       7      26       2     467     753       1     437
       7       3       7     215     219       1     454
       7       1       2     510     546       1     466
       8       7       1     257     789       1      15
       8      28       6     468     583       1      21
       8      20       9     149     583       1      37
       8      13       9     288     292       1      89
       8      14       6     422     607       1      97
       8      15       7     363     195       1     156
       8      10       5     494     170       1     174
       8       5       7     292     437       1     204
       8      21       3     406    1153       1     207
       8      30       9     488     182       1     243
       8      27       7     580     292       1     282
       8      17       1     136     619       1     336
       8      22       9     262     413       1     356
       8       4       8     279     474       1     365
       8       9       8     351     534       1     383
       8      18       9     419     631       1     398
       8       6       8     231     377       1     452
       8       3       3     497     704       1     460
       8      16       7     303     267       1     477
       8      29       6     280     971       1     480
       9      11       1     574     838       1       5
       9       7       3     355     559       1      28
       9       3       2     442     886       1      33
       9      18       4     265     959       1      59
       9      14       6     488     813       1     202
       9      10       5     547    1068       1     268
       9      29       2     140    1165       1     317
       9      22       6     545     777       1     468
       9       1       5     359     389       1     505
      10       5       7     414     583       1      36
      10      14       6     347     486       1      74
      10      21       9     478    1007       1      92
      10      28       6     342     352       1     113
      10       2       8     448     413       1     178
      10      11       4     318     182       1     215
      10       4       8     498     352       1     244
      10      29       8     210     935       1     288
      10      25       5     353     207       1     293
      10       7       5     443     959       1     318
      10       8       7     557     704       1     374
      10       6       5     381     122       1     381
      10      15       8     146     486       1     391
      10      13       1     184     437       1     396
      10      24       6     443     122       1     439
      10       3       4     551    1117       1     442
      10      30       9     330     546       1     501
      11       3       1     472     559       1      26
      11       6       3     463     122       1      47
      11       7       3     410    1177       1      50
      11       4       9     275     656       1      64
      11      15       6     170     656       1     117
      11      22       2     557     571       1     203
      11      18       6     538     364       1     224
      11      23       9     235     231       1     351
      11      14       4     522     449       1     378
      11      26       2     534     401       1     388
      11      13       6     215    1117       1     409
      11      10       3     508     231       1     422
      11      29       1     464     765       1     448
      11       1       9     413     474       1     461
      11      12       1     226     959       1     515
      12      20       4     419     825       1      16
      12      22       7     196     728       1      40
      12       7       4     366     656       1      62
      12      13       3     197     389       1      69
      12      28       9     373     850       1      90
      12      23       9     433     765       1     129
      12      25       3     135     146       1     187
      12      10       7     576     462       1     191
      12       4       4     377     413       1     229
      12       5       2     331     656       1     231
      12      26       2     132     813       1     254
      12      15       5     271    1080       1     283
      12      17       8     451     328       1     285
      12       2       2     205     158       1     311
      12      11       6     211     546       1     322
      12      19       5     349     413       1     337
      12      30       7     354     656       1     346
      12      29       4     168     316       1     408
      12      18       4     348     352       1     420
      12      16       5     346     170       1     497
      13      23       1     468     741       1       4
      13      18       2     251     134       1      11
      13      10       9     137     522       1      79
      13       2       8     400     340       1      80
      13      20       3     364     534       1     148
      13      22       5     124    1129       1     171
      13       6       9     400     777       1     192
      13      17       9     470     243       1     196
      13      21       9     257     643       1     230
      13       1       4     462     462       1     239
      13       4       2     285     838       1     259
      13      16       7     188     158       1     262
      13      27       2     508     182       1     302
      13      25       7     246     134       1     312
      13       3       6     192    1129       1     319
      13       7       2     239     838       1     332
      13      19       2     273     534       1     343
      13      12       5     261     765       1     478
      13      11       9     346     971       1     483
      13       9       8     191     377       1     492
      14      22       2     304     280       1      23
      14       8       9     569    1104       1      94
      14       5       7     588     462       1     147
      14      23       1     552     122       1     206
      14       1       2     458     437       1     208
      14      24       5     138    1092       1     214
      14      28       7     593     947       1     222
      14      30       8     210     559       1     236
      14      25       1     473     825       1     269
      14      19       1     529     595       1     290
      14      26       6     180    1044       1     400
      14      13       6     233     498       1     450
      14       9       4     234     207       1     486
      14       4       6     415     546       1     494
      15       7       8     478     534       1      57
      15      22       5     426     510       1      60
      15      21       6     548     983       1      77
      15       1       7     468     328       1      85
      15       6       1     263    1141       1      87
      15      11       2     388     741       1     151
      15      12       2     468     668       1     195
      15      14       2     559     449       1     205
      15      10       9     480     898       1     267
      15       2       8     147    1032       1     315
      15      24       4     404     643       1     359
      15      19       6     443     449       1     475
      15       3       1     213    1032       1     481
      16      18       5     120     874       1      24
      16      17       4     570     777       1      38
      16      24       4     494     898       1     104
      16      28       1     235     656       1     125
      16      29       6     375    1153       1     130
      16      21       5     261     255       1     134
      16      23       8     582     801       1     144
      16       9       8     379    1189       1     153
      16      12       9     347     304       1     200
      16      27       5     466     304       1     212
      16      19       6     384    1153       1     220
      16      10       8     474     583       1     247
      16      15       9     203     255       1     255
      16       6       9     331     583       1     265
      16       5       5     520     122       1     272
      16       7       4     454     995       1     377
      16       8       2     234     631       1     393
      16      26       8     499     462       1     417
      16      14       4     297     995       1     446
      17       9       7     553     631       1      65
      17      22       2     377     971       1      91
      17      24       1     207     340       1     110
      17      29       3     130     328       1     124
      17      21       5     307    1202       1     210
      17      30       4     137     255       1     263
      17      10       8     551     146       1     281
      17       6       2     421    1032       1     297
      17       2       3     148     716       1     298
      17       1       1     565     716       1     331
      17      27       6     528     207       1     445
      17       5       1     527     364       1     463
      17      25       7     438     935       1     485
      17      16       6     199     462       1     498
      17      13       8     268     643       1     503
      18       2       5     360     243       1       3
      18      22       8     120     437       1       9
      18       1       7     464     134       1      98
      18       9       9     357     777       1     109
      18      30       1     371     886       1     172
      18      21       8     367     474       1     182
      18      16       9     288    1007       1     217
      18      19       2     171     534       1     376
      18      12       8     293    1104       1     386
      18      24       5     150     534       1     435
      18       6       7     198    1177       1     441
      18      15       4     438     546       1     474
      18       3       5     297     595       1     513
      19       4       9     451     643       1      10
      19      22       4     208     947       1      46
      19      24       9     164    1032       1      71
      19       9       2     126     825       1      93
      19      14       5     456     389       1      95
      19       3       2     241     838       1     118
      19      28       3     245     850       1     167
      19      10       2     565     255       1     225
      19       8       9     512     825       1     308
      19      29       4     494    1202       1     340
      19       7       1     538     243       1     372
      19      25       2     191     898       1     429
      19      12       5     410     462       1     438
      19      26       1     282     498       1     487
      19      18       4     162     364       1     499
      20      26       5     394     716       1       7
      20       4       5     510     146       1      19
      20       8       5     264     377       1      30
      20      10       2     336     571       1      54
      20      29       2     474     486       1      70
      20      15       8     316    1104       1      99
      20      21       4     202    1032       1     111
      20       6       7     506     583       1     138
      20      30       5     171     910       1     185
      20       5       8     509     874       1     238
      20       2       3     219     316       1     277
      20      24       4     190     583       1     278
      20       9       4     138     449       1     279
      20      13       8     473     267       1     314
      20      28       5     390     668       1     385
      20      18       2     580     304       1     387
      20      23       8     458     935       1     427
      20       7       7     590     534       1     459
      20      14       4     518     643       1     490
      21      19       1     419     498       1      29
      21      15       4     140     862       1     127
      21       7       7     274     328       1     154
      21      28       3     323     862       1     193
      21      20       6     279     267       1     232
      21       1       4     419     413       1     252
      21       3       6     472     316       1     287
      21       2       6     577     474       1     310
      21      30       2     251     692       1     334
      21      24       2     388    1007       1     349
      21      25       7     166     777       1     443
      21      10       7     442     947       1     453
      21      18       4     526     413       1     456
      21      26       5     234     777       1     512
      22      26       4     199     692       1      18
      22      15       7     343     753       1      51
      22      19       1     324     546       1      58
      22      30       9     333    1104       1      96
      22       6       3     180     340       1     146
      22      17       7     371    1177       1     161
      22      18       5     558     522       1     175
      22       3       3     588     595       1     194
      22      11       2     391     377       1     249
      22      28       4     343     134       1     256
      22      25       8     325     898       1     271
      22       1       9     440     231       1     286
      22      29       1     122    1189       1     295
      22      12       4     552     619       1     304
      22       8       9     470     789       1     327
      22      20       4     280     474       1     328
      22      14       3     231     158       1     333
      22       7       6     485     983       1     364
      22      13       3     381     825       1     371
      22       9       2     505     243       1     375
      22      24       2     161     195       1     390
      22       5       6     510    1020       1     500
      23      28       4     553     959       1      41
      23      13       5     358     425       1      44
      23      14       6     328     389       1      45
      23       3       8     173    1165       1      68
      23       7       9     542    1056       1      86
      23      10       5     304     886       1     107
      23       5       6     522     704       1     131
      23      17       9     384     825       1     140
      23      27       9     545     389       1     163
      23      25       3     282     801       1     168
      23       4       7     490    1020       1     223
      23      18       8     273     510       1     284
      23      26       6     538     862       1     300
      23       6       4     387     923       1     347
      23      22       5     289     474       1     380
      23      19       8     231    1104       1     421
      23      20       4     451     134       1     424
      23      24       9     565    1080       1     447
      23      30       1     463     959       1     470
      23       9       9     240     158       1     479
      24      30       1     324    1141       1      72
      24       3       7     323    1153       1     114
      24       8       8     381     741       1     126
      24      13       7     208     643       1     139
      24      16       4     140     813       1     177
      24      29       3     544     619       1     181
      24       6       1     414     583       1     233
      24      10       8     599     971       1     257
      24       5       7     333     158       1     275
      24       2       4     521     195       1     294
      24      14       1     396     716       1     307
      24      23       5     313     413       1     313
      24      18       3     404     389       1     344
      24       7       4     312     862       1     389
      24      28       7     258     280       1     414
      24       4       9     299     462       1     467
      24      11       4     342     862       1     488
      24      17       2     371     862       1     502
      25      14       7     443     352       1       1
      25       9       8     306     971       1      32
      25      12       6     462     825       1      52
      25      13       7     208     413       1      56
      25      21       2     273     352       1     106
      25       1       2     577    1032       1     115
      25       5       7     319     607       1     119
      25      22       3     409    1044       1     133
      25      16       5     208     486       1     135
      25      28       8     217    1153       1     169
      25      19       3     408     231       1     184
      25       8       5     138     947       1     188
      25      26       1     588     898       1     213
      25      29       2     454    1141       1     246
      25       6       5     340    1141       1     320
      25       3       7     335    1177       1     384
      25       2       6     164     195       1     451
      25      10       9     289     377       1     489
      26      16       4     463     425       1       8
      26       2       9     246     267       1      25
      26      30       9     223     304       1     102
      26      20       9     468     255       1     150
      26      23       8     571     971       1     162
      26      28       2     486     886       1     253
      26      18       5     493     874       1     370
      26      22       9     161    1165       1     394
      26      13       9     476     753       1     413
      26      29       7     468     462       1     433
      26       9       4     183     692       1     440
      26      17       9     318    1104       1     511
      26      11       1     184     243       1     517
      27      23       7     388     741       1      42
      27       1       8     510     923       1      49
      27      12       6     282     534       1      73
      27       5       6     367     158       1     116
      27      30       7     379     377       1     128
      27       4       9     257     389       1     165
      27      15       5     170     923       1     166
      27      28       4     394     546       1     211
      27      13       8     315     935       1     251
      27      14       5     234     146       1     280
      27      16       5     530     910       1     291
      27       9       3     577    1056       1     330
      27      11       3     185     207       1     368
      27       2       5     587     474       1     395
      27      17       1     226     947       1     410
      27      19       3     533     643       1     426
      27      29       3     473     813       1     449
      27       3       7     309     158       1     493
      27      21       6     347     995       1     504
      27       7       6     413     413       1     509
      27      20       9     358     716       1     510
      27      22       5     214     510       1     514
      28      23       1     256     292       1      27
      28      19       8     557    1068       1      76
      28      14       2     327     486       1     101
      28      24       5     490     340       1     120
      28       2       7     597     692       1     137
      28       8       4     545     389       1     143
      28       4       6     205    1165       1     190
      28      16       9     281     328       1     216
      28      26       3     294     704       1     218
      28       1       8     585     219       1     309
      28      21       4     331     449       1     341
      28       9       3     538     243       1     348
      28      15       4     208     959       1     350
      28       6       2     354     486       1     392
      28      12       5     245     462       1     418
      28      13       2     551     886       1     462
      28      25       7     311    1165       1     476
      28       7       2     400    1177       1     496
      29      21       4     279    1044       1       6
      29      12       7     168     643       1      75
      29      23       4     147     219       1      83
      29      17       9     289     292       1      88
      29      24       2     416     910       1     108
      29      11       4     564     631       1     122
      29      19       8     295     898       1     123
      29      16       8     484     704       1     149
      29      25       6     396    1153       1     234
      29      26       9     475     134       1     240
      29       5       4     428     571       1     270
      29      28       7     159    1141       1     274
      29      20       1     198     753       1     276
      29      14       7     185    1020       1     335
      29      27       6     292     631       1     342
      29       6       7     182     559       1     353
      29       8       8     194    1007       1     411
      29      22       6     164     643       1     412
      29       9       1     563     413       1     423
      29      30       4     408     498       1     484
      29      15       5     502    1092       1     495
      30      21       8     584     364       1      17
      30      15       6     401     838       1      34
      30      13       8     307     995       1      35
      30      27       1     403     680       1      53
      30       1       5     392     401       1      55
      30       4       4     541    1032       1      82
      30       7       9     210     510       1     152
      30      10       2     437    1007       1     186
      30       9       5     251    1177       1     250
      30      20       1     414     656       1     260
      30      29       2     397     207       1     301
      30       8       6     156     364       1     316
      30      25       6     360    1202       1     324
      30      26       6     480    1202       1     325
      30      22       4     463     498       1     360
      30       5       4     286     716       1     367
      30      18       6     570     680       1     406
      30       2       2     387     571       1     444
      30      17       4     288     983       1     457
      30      14       7     430     923       1     464
      30      19       1     148     910       1     471
      20       3      34
      12      18      55
      25      29      64
       2       6      57
      12      17      58
      18      11      72
      30       8      33
      19       5      15
       6      23      33
       1      10      59
       4      10      22
      12      25      49
       9       7      39
      28      15      72
      13      11      50
      27      10      36
      20      27      58
       4      29      19
      20      25      74
      11      17      32
       1       8      30
      17      28      21
       4      23      74
      16      28      66
       3       8      29
      15      16      67
       1       3      59
       9      27      28
      13      22      68
       7       1      62
       1       2      59
       9      29      54
      11       5      36
      24      12      27
      21       5      17
      13      25      43
      15      13      43
       5      19      54
      22      11      57
      19      12      31
      29      19      43
      29      22      71
       2      14      48
      17       5      27
      15      25      39
      26       1      36
      20      29      26
      21      25      55
       4       8      53
      21       8      19
      12       7      24
       7      10      69
      30      21      72
      26      28      64
      16       9      17
       2       5      70
      27       7      46
       2      10      61
      14      24      73
      11       1      19
       3      19      26
      27       9      72
      15      28      23
      26      18      58
      27      23      37
       6       7      46
      30      12      40
      12       9      36
      13      14      34
      16       4      26
      19      30      51
       5       4      28
      26      23      45
      16       2      70
      24      16      52
      19       9      53
      17       2      45
       6      15      26
      22      20      19
       5      17      29
      16      26      31
       4      12      46
       8      28      45
      18       1      53
       2       9      36
      30       1      39
       2      26      26
      10      19      19
      29       8      53
       3      20      38
       1      16      68
       1      26      22
       4       2      20
      23      10      63
      28      10      55
       3       6      30
      11      18      68
      11      23      50
       3      26      40
       6      11      65
      16      10      63
      26       6      16
       8      23      28
      28       1      66
      23      24      53
       7      13      34
       3      30      51
       2      22      46
      17       4      43
      11       6      19
      27      21      49
       1      20      15
       2      16      27
       2       7      52
      12      21      42
      10       1      53
       2      20      24
      23      18      37
      15      18      61
       4      20      43
      27      13      27
       9      10      58
      30      15      48
      21       1      29
      13       9      62
      26       9      16
       5      12      34
       9      22      73
      20      22      47
      14      23      30
      25      11      50
      19      17      49
      28      29      33
       2      19      26
      17      24      51
      25      30      42
      28      16      39
      29      15      74
      28      13      53
      25      22      63
       4      19      41
       5       2      44
      30      10      43
       8      16      54
       3      18      57
      21       3      73
       3      28      69
      26      24      47
       8      15      60
       1      15      59
      23      21      46
      30       7      50
      25       8      55
       5      13      38
       5      23      25
      22       7      59
      14      25      48
      21      20      46
      11      20      64
       9       4      53
       3       2      57
      14       6      67
       9       8      61
      21      19      25
      21       9      30
       1       5      40
       1       7      52
      23       7      18
       9      12      53
      26      11      40
      13      10      18
       5      20      63
      17      25      47
      18       6      28
       3      27      51
      12      29      23
      15      14      64
      20      13      26
       2       4      74
       8      21      48
      26       2      29
      24       7      21
      23       4      46
      14      11      26
      25      10      44
      25      16      42
      13      21      51
      23      19      17
      12      23      61
      26      21      43
      19       7      19
       5       7      15
       6      16      58
      30      19      16
       2      28      31
      21      14      35
      19       4      21
      15      19      65
      30      24      32
       7      28      61
      27      19      31
      20      14      63
      16      15      73
      17       7      33
      27      30      51
      16      22      41
      25      12      46
      18       2      35
      25      14      48
      13       7      18
      20       2      49
      20      26      24
      10       8      69
      17      10      65
      11       2      54
       1      22      49
      14       2      23
      16      14      23
      17      29      72
       4      17      21
       3      24      67
       9      13      32
      30      13      42
      15      20      67
      12      24      72
      11      29      26
      17       9      19
      18      16      24
      14      18      22
       9      18      20
       6      25      45
       7       5      41
      14      12      46
       1      27      62
      20       4      40
      21      29      52
      19      18      35
      23      30      18
       6      14      68
      16      12      63
      30       3      60
      19       6      53
      12       1      17
      20      15      67
      19       2      36
      15       7      47
      25       5      29
      30      14      73
       3      25      28
      11       9      17
      25       6      22
      19      16      33
      25      28      51
      17      22      39
      25      26      38
       9      21      52
       5      27      42
       1      18      17
      18       9      16
      22      26      35
      25      24      56
      11      26      50
       5      22      39
      21      22      16
       9      19      56
      16      17      48
      18       7      61
      10      25      49
      10      28      24
      14      22      37
      22      27      52
      22      25      67
       5      21      55
       6      26      40
       1      12      72
      18      12      37
       8       5      30
      16      11      59
      30       6      52
       2      13      36
       3      17      30
       3      23      47
      30       4      27
       4      28      72
       1       6      56
       1      29      50
      19      14      32
      11       3      58
      26      14      50
      21      18      65
      24      23      62
      30      11      33
      18       4      56
      13      12      34
      10       7      40
      17      15      56
      22       8      23
       4      30      24
      25      17      55
      29      14      15
       1      28      50
       4      25      58
      21      16      39
      29       1      71
      20      10      62
       6      12      59
       2      11      48
      26      12      36
      27      25      55
      16      20      21
      25      21      44
      15       9      71
      12      26      66
       8       2      29
      24      26      48
      15       2      52
      20       9      62
      22       6      31
       8      14      19
      26      30      26
      30       5      22
      26      15      37
       8      22      36
      25      27      63
       2      12      58
      26      13      30
      15      23      42
       7      30      64
      26      19      61
       7      15      49
      22       5      35
      12       2      35
      29      21      60
      28       3      58
       2      29      49
      23       8      74
      29      10      41
       7       3      23
      14      20      49
       1      23      67
      17      23      46
      13      23      31
      18      10      53
      29       7      36
      22       4      38
       7      21      62
      18      23      55
       4       6      65
      16      13      63
      18      28      41
      11       8      74
       3      11      17
      27      15      43
       9       1      53
       6       4      68
      23      22      70
      15       5      63
      27      24      61
      16       1      73
      27      28      67
       9      23      25
       4      15      35
      23       3      48
      20      18      18
      23       6      62
      30       9      17
      17      27      40
       7      11      56
       8      30      71
      21      26      60
      22      24      64
      18      26      70
      25       1      20
      20      23      70
      12      20      59
      10      26      35
      30      26      16
       4      18      44
       4      13      33
       8      27      54
      11      27      71
      13       8      22
      26       8      40
      17      13      74
      29      24      58
      17      26      48
       7       4      56
       5       9      71
      15      30      16
      28      30      63
       1      14      31
      24       2      67
      17       8      71
      16       7      65
      16      18      33
      27      11      74
      26      22      16
      16      25      47
      28      12      65
      10      24      18
